# ----------------------------------------------------------
# h load Love number 
# Created by ALMA on 2022-11-17 17:17:13
# ----------------------------------------------------------
# 
   1      0.55030446E-03
   2     -0.45058445E+00
   3     -0.46184451E+00
   4     -0.46295490E+00
   5     -0.48771569E+00
   6     -0.52785283E+00
   7     -0.57468430E+00
   8     -0.62345809E+00
   9     -0.67184856E+00
  10     -0.71873902E+00
  11     -0.76358830E+00
  12     -0.80613122E+00
  13     -0.84624149E+00
  14     -0.88386964E+00
  15     -0.91901451E+00
  16     -0.95170957E+00
  17     -0.98201548E+00
  18     -0.10100153E+01
  19     -0.10358106E+01
  20     -0.10595177E+01
  21     -0.10812643E+01
  22     -0.11011862E+01
  23     -0.11194235E+01
  24     -0.11361179E+01
  25     -0.11514096E+01
  26     -0.11654355E+01
  27     -0.11783267E+01
  28     -0.11902074E+01
  29     -0.12011937E+01
  30     -0.12113930E+01
  31     -0.12209037E+01
  32     -0.12298152E+01
  33     -0.12382080E+01
  34     -0.12461541E+01
  35     -0.12537173E+01
  36     -0.12609542E+01
  37     -0.12679142E+01
  38     -0.12746407E+01
  39     -0.12811714E+01
  40     -0.12875386E+01
  41     -0.12937706E+01
  42     -0.12998913E+01
  43     -0.13059213E+01
  44     -0.13118781E+01
  45     -0.13177764E+01
  46     -0.13236287E+01
  47     -0.13294454E+01
  48     -0.13352352E+01
  49     -0.13410053E+01
  50     -0.13467617E+01
  51     -0.13525091E+01
  52     -0.13582514E+01
  53     -0.13639916E+01
  54     -0.13697322E+01
  55     -0.13754750E+01
  56     -0.13812212E+01
  57     -0.13869718E+01
  58     -0.13927273E+01
  59     -0.13984880E+01
  60     -0.14042538E+01
  61     -0.14100247E+01
  62     -0.14158001E+01
  63     -0.14215797E+01
  64     -0.14273628E+01
  65     -0.14331486E+01
  66     -0.14389364E+01
  67     -0.14447254E+01
  68     -0.14505145E+01
  69     -0.14563030E+01
  70     -0.14620897E+01
  71     -0.14678739E+01
  72     -0.14736543E+01
  73     -0.14794301E+01
  74     -0.14852002E+01
  75     -0.14909637E+01
  76     -0.14967195E+01
  77     -0.15024667E+01
  78     -0.15082042E+01
  79     -0.15139312E+01
  80     -0.15196466E+01
  81     -0.15253496E+01
  82     -0.15310392E+01
  83     -0.15367146E+01
  84     -0.15423748E+01
  85     -0.15480191E+01
  86     -0.15536465E+01
  87     -0.15592563E+01
  88     -0.15648477E+01
  89     -0.15704199E+01
  90     -0.15759722E+01
  91     -0.15815038E+01
  92     -0.15870141E+01
  93     -0.15925023E+01
  94     -0.15979678E+01
  95     -0.16034100E+01
  96     -0.16088283E+01
  97     -0.16142219E+01
  98     -0.16195905E+01
  99     -0.16249334E+01
 100     -0.16302501E+01
 101     -0.16355400E+01
 102     -0.16408027E+01
 103     -0.16460377E+01
 104     -0.16512446E+01
 105     -0.16564229E+01
 106     -0.16615721E+01
 107     -0.16666920E+01
 108     -0.16717820E+01
 109     -0.16768419E+01
 110     -0.16818713E+01
 111     -0.16868699E+01
 112     -0.16918373E+01
 113     -0.16967733E+01
 114     -0.17016775E+01
 115     -0.17065498E+01
 116     -0.17113898E+01
 117     -0.17161974E+01
 118     -0.17209722E+01
 119     -0.17257142E+01
 120     -0.17304230E+01
 121     -0.17350986E+01
 122     -0.17397408E+01
 123     -0.17443494E+01
 124     -0.17489242E+01
 125     -0.17534652E+01
 126     -0.17579723E+01
 127     -0.17624453E+01
 128     -0.17668841E+01
 129     -0.17712887E+01
 130     -0.17756590E+01
 131     -0.17799950E+01
 132     -0.17842966E+01
 133     -0.17885637E+01
 134     -0.17927964E+01
 135     -0.17969946E+01
 136     -0.18011583E+01
 137     -0.18052875E+01
 138     -0.18093823E+01
 139     -0.18134426E+01
 140     -0.18174685E+01
 141     -0.18214601E+01
 142     -0.18254173E+01
 143     -0.18293402E+01
 144     -0.18332289E+01
 145     -0.18370834E+01
 146     -0.18409038E+01
 147     -0.18446903E+01
 148     -0.18484428E+01
 149     -0.18521616E+01
 150     -0.18558466E+01
 151     -0.18594980E+01
 152     -0.18631159E+01
 153     -0.18667004E+01
 154     -0.18702516E+01
 155     -0.18737697E+01
 156     -0.18772548E+01
 157     -0.18807071E+01
 158     -0.18841266E+01
 159     -0.18875136E+01
 160     -0.18908681E+01
 161     -0.18941903E+01
 162     -0.18974805E+01
 163     -0.19007387E+01
 164     -0.19039651E+01
 165     -0.19071599E+01
 166     -0.19103232E+01
 167     -0.19134553E+01
 168     -0.19165562E+01
 169     -0.19196263E+01
 170     -0.19226656E+01
 171     -0.19256744E+01
 172     -0.19286529E+01
 173     -0.19316012E+01
 174     -0.19345195E+01
 175     -0.19374080E+01
 176     -0.19402670E+01
 177     -0.19430965E+01
 178     -0.19458969E+01
 179     -0.19486683E+01
 180     -0.19514110E+01
 181     -0.19541251E+01
 182     -0.19568108E+01
 183     -0.19594683E+01
 184     -0.19620979E+01
 185     -0.19646998E+01
 186     -0.19672741E+01
 187     -0.19698211E+01
 188     -0.19723410E+01
 189     -0.19748340E+01
 190     -0.19773003E+01
 191     -0.19797401E+01
 192     -0.19821537E+01
 193     -0.19845412E+01
 194     -0.19869028E+01
 195     -0.19892389E+01
 196     -0.19915496E+01
 197     -0.19938350E+01
 198     -0.19960955E+01
 199     -0.19983312E+01
 200     -0.20005423E+01
 201     -0.20027291E+01
 202     -0.20048918E+01
 203     -0.20070306E+01
 204     -0.20091456E+01
 205     -0.20112372E+01
 206     -0.20133055E+01
 207     -0.20153507E+01
 208     -0.20173731E+01
 209     -0.20193727E+01
 210     -0.20213500E+01
 211     -0.20233050E+01
 212     -0.20252380E+01
 213     -0.20271492E+01
 214     -0.20290387E+01
 215     -0.20309069E+01
 216     -0.20327538E+01
 217     -0.20345797E+01
 218     -0.20363849E+01
 219     -0.20381694E+01
 220     -0.20399335E+01
 221     -0.20416774E+01
 222     -0.20434013E+01
 223     -0.20451054E+01
 224     -0.20467899E+01
 225     -0.20484550E+01
 226     -0.20501009E+01
 227     -0.20517277E+01
 228     -0.20533357E+01
 229     -0.20549251E+01
 230     -0.20564959E+01
 231     -0.20580486E+01
 232     -0.20595831E+01
 233     -0.20610997E+01
 234     -0.20625986E+01
 235     -0.20640800E+01
 236     -0.20655441E+01
 237     -0.20669909E+01
 238     -0.20684208E+01
 239     -0.20698339E+01
 240     -0.20712303E+01
 241     -0.20726103E+01
 242     -0.20739739E+01
 243     -0.20753215E+01
 244     -0.20766531E+01
 245     -0.20779690E+01
 246     -0.20792692E+01
 247     -0.20805540E+01
 248     -0.20818236E+01
 249     -0.20830780E+01
 250     -0.20843175E+01
 251     -0.20855422E+01
 252     -0.20867523E+01
 253     -0.20879479E+01
 254     -0.20891293E+01
 255     -0.20902964E+01
 256     -0.20914496E+01
 257     -0.20925890E+01
 258     -0.20937146E+01
 259     -0.20948268E+01
 260     -0.20959255E+01
 261     -0.20970110E+01
 262     -0.20980835E+01
 263     -0.20991430E+01
 264     -0.21001897E+01
 265     -0.21012237E+01
 266     -0.21022452E+01
 267     -0.21032544E+01
 268     -0.21042513E+01
 269     -0.21052361E+01
 270     -0.21062090E+01
 271     -0.21071701E+01
 272     -0.21081194E+01
 273     -0.21090572E+01
 274     -0.21099836E+01
 275     -0.21108987E+01
 276     -0.21118027E+01
 277     -0.21126956E+01
 278     -0.21135776E+01
 279     -0.21144488E+01
 280     -0.21153093E+01
 281     -0.21161594E+01
 282     -0.21169990E+01
 283     -0.21178283E+01
 284     -0.21186474E+01
 285     -0.21194565E+01
 286     -0.21202557E+01
 287     -0.21210450E+01
 288     -0.21218246E+01
 289     -0.21225946E+01
 290     -0.21233552E+01
 291     -0.21241063E+01
 292     -0.21248483E+01
 293     -0.21255810E+01
 294     -0.21263047E+01
 295     -0.21270195E+01
 296     -0.21277255E+01
 297     -0.21284227E+01
 298     -0.21291113E+01
 299     -0.21297913E+01
 300     -0.21304630E+01
 301     -0.21311263E+01
 302     -0.21317814E+01
 303     -0.21324284E+01
 304     -0.21330674E+01
 305     -0.21336984E+01
 306     -0.21343216E+01
 307     -0.21349370E+01
 308     -0.21355448E+01
 309     -0.21361451E+01
 310     -0.21367379E+01
 311     -0.21373233E+01
 312     -0.21379014E+01
 313     -0.21384723E+01
 314     -0.21390361E+01
 315     -0.21395929E+01
 316     -0.21401427E+01
 317     -0.21406857E+01
 318     -0.21412219E+01
 319     -0.21417514E+01
 320     -0.21422743E+01
 321     -0.21427907E+01
 322     -0.21433006E+01
 323     -0.21438041E+01
 324     -0.21443014E+01
 325     -0.21447924E+01
 326     -0.21452773E+01
 327     -0.21457561E+01
 328     -0.21462290E+01
 329     -0.21466959E+01
 330     -0.21471570E+01
 331     -0.21476123E+01
 332     -0.21480619E+01
 333     -0.21485059E+01
 334     -0.21489443E+01
 335     -0.21493772E+01
 336     -0.21498047E+01
 337     -0.21502268E+01
 338     -0.21506436E+01
 339     -0.21510553E+01
 340     -0.21514617E+01
 341     -0.21518631E+01
 342     -0.21522594E+01
 343     -0.21526507E+01
 344     -0.21530372E+01
 345     -0.21534188E+01
 346     -0.21537956E+01
 347     -0.21541677E+01
 348     -0.21545351E+01
 349     -0.21548979E+01
 350     -0.21552561E+01
 351     -0.21556099E+01
 352     -0.21559592E+01
 353     -0.21563041E+01
 354     -0.21566447E+01
 355     -0.21569810E+01
 356     -0.21573131E+01
 357     -0.21576411E+01
 358     -0.21579649E+01
 359     -0.21582847E+01
 360     -0.21586004E+01
 361     -0.21589122E+01
 362     -0.21592201E+01
 363     -0.21595241E+01
 364     -0.21598243E+01
 365     -0.21601208E+01
 366     -0.21604135E+01
 367     -0.21607025E+01
 368     -0.21609880E+01
 369     -0.21612698E+01
 370     -0.21615482E+01
 371     -0.21618230E+01
 372     -0.21620944E+01
 373     -0.21623624E+01
 374     -0.21626271E+01
 375     -0.21628884E+01
 376     -0.21631465E+01
 377     -0.21634013E+01
 378     -0.21636530E+01
 379     -0.21639015E+01
 380     -0.21641469E+01
 381     -0.21643892E+01
 382     -0.21646286E+01
 383     -0.21648649E+01
 384     -0.21650983E+01
 385     -0.21653287E+01
 386     -0.21655563E+01
 387     -0.21657811E+01
 388     -0.21660031E+01
 389     -0.21662223E+01
 390     -0.21664387E+01
 391     -0.21666525E+01
 392     -0.21668636E+01
 393     -0.21670721E+01
 394     -0.21672780E+01
 395     -0.21674814E+01
 396     -0.21676822E+01
 397     -0.21678805E+01
 398     -0.21680764E+01
 399     -0.21682699E+01
 400     -0.21684609E+01
 401     -0.21686496E+01
 402     -0.21688360E+01
 403     -0.21690200E+01
 404     -0.21692018E+01
 405     -0.21693813E+01
 406     -0.21695586E+01
 407     -0.21697338E+01
 408     -0.21699068E+01
 409     -0.21700776E+01
 410     -0.21702464E+01
 411     -0.21704130E+01
 412     -0.21705777E+01
 413     -0.21707403E+01
 414     -0.21709009E+01
 415     -0.21710595E+01
 416     -0.21712162E+01
 417     -0.21713710E+01
 418     -0.21715239E+01
 419     -0.21716749E+01
 420     -0.21718241E+01
 421     -0.21719715E+01
 422     -0.21721171E+01
 423     -0.21722609E+01
 424     -0.21724029E+01
 425     -0.21725432E+01
 426     -0.21726819E+01
 427     -0.21728188E+01
 428     -0.21729541E+01
 429     -0.21730877E+01
 430     -0.21732198E+01
 431     -0.21733502E+01
 432     -0.21734791E+01
 433     -0.21736064E+01
 434     -0.21737322E+01
 435     -0.21738565E+01
 436     -0.21739793E+01
 437     -0.21741006E+01
 438     -0.21742204E+01
 439     -0.21743389E+01
 440     -0.21744559E+01
 441     -0.21745715E+01
 442     -0.21746857E+01
 443     -0.21747986E+01
 444     -0.21749101E+01
 445     -0.21750204E+01
 446     -0.21751293E+01
 447     -0.21752369E+01
 448     -0.21753432E+01
 449     -0.21754483E+01
 450     -0.21755522E+01
 451     -0.21756548E+01
 452     -0.21757562E+01
 453     -0.21758565E+01
 454     -0.21759555E+01
 455     -0.21760534E+01
 456     -0.21761502E+01
 457     -0.21762458E+01
 458     -0.21763404E+01
 459     -0.21764338E+01
 460     -0.21765261E+01
 461     -0.21766174E+01
 462     -0.21767076E+01
 463     -0.21767968E+01
 464     -0.21768849E+01
 465     -0.21769720E+01
 466     -0.21770582E+01
 467     -0.21771433E+01
 468     -0.21772275E+01
 469     -0.21773107E+01
 470     -0.21773929E+01
 471     -0.21774742E+01
 472     -0.21775546E+01
 473     -0.21776341E+01
 474     -0.21777127E+01
 475     -0.21777904E+01
 476     -0.21778672E+01
 477     -0.21779431E+01
 478     -0.21780182E+01
 479     -0.21780925E+01
 480     -0.21781659E+01
 481     -0.21782385E+01
 482     -0.21783103E+01
 483     -0.21783813E+01
 484     -0.21784516E+01
 485     -0.21785210E+01
 486     -0.21785897E+01
 487     -0.21786576E+01
 488     -0.21787247E+01
 489     -0.21787912E+01
 490     -0.21788569E+01
 491     -0.21789219E+01
 492     -0.21789861E+01
 493     -0.21790497E+01
 494     -0.21791126E+01
 495     -0.21791748E+01
 496     -0.21792364E+01
 497     -0.21792973E+01
 498     -0.21793575E+01
 499     -0.21794171E+01
 500     -0.21794760E+01
 501     -0.21795343E+01
 502     -0.21795920E+01
 503     -0.21796491E+01
 504     -0.21797056E+01
 505     -0.21797615E+01
 506     -0.21798168E+01
 507     -0.21798715E+01
 508     -0.21799256E+01
 509     -0.21799792E+01
 510     -0.21800322E+01
 511     -0.21800847E+01
 512     -0.21801366E+01
 513     -0.21801880E+01
 514     -0.21802389E+01
 515     -0.21802892E+01
 516     -0.21803391E+01
 517     -0.21803884E+01
 518     -0.21804372E+01
 519     -0.21804855E+01
 520     -0.21805334E+01
 521     -0.21805807E+01
 522     -0.21806276E+01
 523     -0.21806740E+01
 524     -0.21807200E+01
 525     -0.21807655E+01
 526     -0.21808105E+01
 527     -0.21808551E+01
 528     -0.21808993E+01
 529     -0.21809430E+01
 530     -0.21809863E+01
 531     -0.21810292E+01
 532     -0.21810716E+01
 533     -0.21811137E+01
 534     -0.21811553E+01
 535     -0.21811965E+01
 536     -0.21812374E+01
 537     -0.21812778E+01
 538     -0.21813179E+01
 539     -0.21813576E+01
 540     -0.21813969E+01
 541     -0.21814358E+01
 542     -0.21814744E+01
 543     -0.21815126E+01
 544     -0.21815505E+01
 545     -0.21815880E+01
 546     -0.21816251E+01
 547     -0.21816619E+01
 548     -0.21816984E+01
 549     -0.21817345E+01
 550     -0.21817704E+01
 551     -0.21818058E+01
 552     -0.21818410E+01
 553     -0.21818758E+01
 554     -0.21819104E+01
 555     -0.21819446E+01
 556     -0.21819785E+01
 557     -0.21820121E+01
 558     -0.21820455E+01
 559     -0.21820785E+01
 560     -0.21821112E+01
 561     -0.21821437E+01
 562     -0.21821758E+01
 563     -0.21822077E+01
 564     -0.21822394E+01
 565     -0.21822707E+01
 566     -0.21823018E+01
 567     -0.21823326E+01
 568     -0.21823631E+01
 569     -0.21823934E+01
 570     -0.21824234E+01
 571     -0.21824532E+01
 572     -0.21824828E+01
 573     -0.21825121E+01
 574     -0.21825411E+01
 575     -0.21825699E+01
 576     -0.21825985E+01
 577     -0.21826268E+01
 578     -0.21826549E+01
 579     -0.21826828E+01
 580     -0.21827104E+01
 581     -0.21827379E+01
 582     -0.21827651E+01
 583     -0.21827921E+01
 584     -0.21828189E+01
 585     -0.21828454E+01
 586     -0.21828718E+01
 587     -0.21828979E+01
 588     -0.21829239E+01
 589     -0.21829496E+01
 590     -0.21829752E+01
 591     -0.21830005E+01
 592     -0.21830257E+01
 593     -0.21830507E+01
 594     -0.21830755E+01
 595     -0.21831000E+01
 596     -0.21831245E+01
 597     -0.21831487E+01
 598     -0.21831727E+01
 599     -0.21831966E+01
 600     -0.21832203E+01
 601     -0.21832438E+01
 602     -0.21832672E+01
 603     -0.21832903E+01
 604     -0.21833134E+01
 605     -0.21833362E+01
 606     -0.21833589E+01
 607     -0.21833814E+01
 608     -0.21834038E+01
 609     -0.21834260E+01
 610     -0.21834480E+01
 611     -0.21834699E+01
 612     -0.21834917E+01
 613     -0.21835133E+01
 614     -0.21835347E+01
 615     -0.21835560E+01
 616     -0.21835771E+01
 617     -0.21835982E+01
 618     -0.21836190E+01
 619     -0.21836398E+01
 620     -0.21836603E+01
 621     -0.21836808E+01
 622     -0.21837011E+01
 623     -0.21837213E+01
 624     -0.21837414E+01
 625     -0.21837613E+01
 626     -0.21837811E+01
 627     -0.21838007E+01
 628     -0.21838203E+01
 629     -0.21838397E+01
 630     -0.21838590E+01
 631     -0.21838781E+01
 632     -0.21838972E+01
 633     -0.21839161E+01
 634     -0.21839349E+01
 635     -0.21839536E+01
 636     -0.21839722E+01
 637     -0.21839907E+01
 638     -0.21840090E+01
 639     -0.21840273E+01
 640     -0.21840454E+01
 641     -0.21840634E+01
 642     -0.21840814E+01
 643     -0.21840992E+01
 644     -0.21841169E+01
 645     -0.21841345E+01
 646     -0.21841520E+01
 647     -0.21841694E+01
 648     -0.21841867E+01
 649     -0.21842039E+01
 650     -0.21842210E+01
 651     -0.21842380E+01
 652     -0.21842549E+01
 653     -0.21842717E+01
 654     -0.21842884E+01
 655     -0.21843050E+01
 656     -0.21843216E+01
 657     -0.21843380E+01
 658     -0.21843544E+01
 659     -0.21843706E+01
 660     -0.21843868E+01
 661     -0.21844029E+01
 662     -0.21844189E+01
 663     -0.21844348E+01
 664     -0.21844506E+01
 665     -0.21844664E+01
 666     -0.21844820E+01
 667     -0.21844976E+01
 668     -0.21845131E+01
 669     -0.21845285E+01
 670     -0.21845439E+01
 671     -0.21845591E+01
 672     -0.21845743E+01
 673     -0.21845894E+01
 674     -0.21846044E+01
 675     -0.21846194E+01
 676     -0.21846342E+01
 677     -0.21846491E+01
 678     -0.21846638E+01
 679     -0.21846784E+01
 680     -0.21846930E+01
 681     -0.21847075E+01
 682     -0.21847220E+01
 683     -0.21847364E+01
 684     -0.21847507E+01
 685     -0.21847649E+01
 686     -0.21847791E+01
 687     -0.21847932E+01
 688     -0.21848072E+01
 689     -0.21848212E+01
 690     -0.21848351E+01
 691     -0.21848489E+01
 692     -0.21848627E+01
 693     -0.21848764E+01
 694     -0.21848900E+01
 695     -0.21849036E+01
 696     -0.21849172E+01
 697     -0.21849306E+01
 698     -0.21849440E+01
 699     -0.21849574E+01
 700     -0.21849707E+01
 701     -0.21849839E+01
 702     -0.21849971E+01
 703     -0.21850102E+01
 704     -0.21850232E+01
 705     -0.21850362E+01
 706     -0.21850492E+01
 707     -0.21850620E+01
 708     -0.21850749E+01
 709     -0.21850876E+01
 710     -0.21851004E+01
 711     -0.21851130E+01
 712     -0.21851256E+01
 713     -0.21851382E+01
 714     -0.21851507E+01
 715     -0.21851632E+01
 716     -0.21851756E+01
 717     -0.21851879E+01
 718     -0.21852002E+01
 719     -0.21852125E+01
 720     -0.21852247E+01
 721     -0.21852369E+01
 722     -0.21852490E+01
 723     -0.21852610E+01
 724     -0.21852730E+01
 725     -0.21852850E+01
 726     -0.21852969E+01
 727     -0.21853088E+01
 728     -0.21853206E+01
 729     -0.21853324E+01
 730     -0.21853441E+01
 731     -0.21853558E+01
 732     -0.21853675E+01
 733     -0.21853791E+01
 734     -0.21853906E+01
 735     -0.21854021E+01
 736     -0.21854136E+01
 737     -0.21854250E+01
 738     -0.21854364E+01
 739     -0.21854478E+01
 740     -0.21854591E+01
 741     -0.21854703E+01
 742     -0.21854815E+01
 743     -0.21854927E+01
 744     -0.21855038E+01
 745     -0.21855149E+01
 746     -0.21855260E+01
 747     -0.21855370E+01
 748     -0.21855480E+01
 749     -0.21855589E+01
 750     -0.21855698E+01
 751     -0.21855807E+01
 752     -0.21855915E+01
 753     -0.21856023E+01
 754     -0.21856130E+01
 755     -0.21856237E+01
 756     -0.21856344E+01
 757     -0.21856450E+01
 758     -0.21856556E+01
 759     -0.21856662E+01
 760     -0.21856767E+01
 761     -0.21856872E+01
 762     -0.21856976E+01
 763     -0.21857081E+01
 764     -0.21857184E+01
 765     -0.21857288E+01
 766     -0.21857391E+01
 767     -0.21857494E+01
 768     -0.21857596E+01
 769     -0.21857698E+01
 770     -0.21857800E+01
 771     -0.21857902E+01
 772     -0.21858003E+01
 773     -0.21858103E+01
 774     -0.21858204E+01
 775     -0.21858304E+01
 776     -0.21858404E+01
 777     -0.21858503E+01
 778     -0.21858603E+01
 779     -0.21858701E+01
 780     -0.21858800E+01
 781     -0.21858898E+01
 782     -0.21858996E+01
 783     -0.21859094E+01
 784     -0.21859191E+01
 785     -0.21859288E+01
 786     -0.21859385E+01
 787     -0.21859481E+01
 788     -0.21859577E+01
 789     -0.21859673E+01
 790     -0.21859769E+01
 791     -0.21859864E+01
 792     -0.21859959E+01
 793     -0.21860053E+01
 794     -0.21860148E+01
 795     -0.21860242E+01
 796     -0.21860336E+01
 797     -0.21860429E+01
 798     -0.21860522E+01
 799     -0.21860615E+01
 800     -0.21860708E+01
 801     -0.21860801E+01
 802     -0.21860893E+01
 803     -0.21860985E+01
 804     -0.21861076E+01
 805     -0.21861168E+01
 806     -0.21861259E+01
 807     -0.21861349E+01
 808     -0.21861440E+01
 809     -0.21861530E+01
 810     -0.21861620E+01
 811     -0.21861710E+01
 812     -0.21861800E+01
 813     -0.21861889E+01
 814     -0.21861978E+01
 815     -0.21862067E+01
 816     -0.21862155E+01
 817     -0.21862243E+01
 818     -0.21862331E+01
 819     -0.21862419E+01
 820     -0.21862506E+01
 821     -0.21862594E+01
 822     -0.21862681E+01
 823     -0.21862768E+01
 824     -0.21862854E+01
 825     -0.21862940E+01
 826     -0.21863026E+01
 827     -0.21863112E+01
 828     -0.21863198E+01
 829     -0.21863283E+01
 830     -0.21863368E+01
 831     -0.21863453E+01
 832     -0.21863538E+01
 833     -0.21863622E+01
 834     -0.21863707E+01
 835     -0.21863791E+01
 836     -0.21863874E+01
 837     -0.21863958E+01
 838     -0.21864041E+01
 839     -0.21864124E+01
 840     -0.21864207E+01
 841     -0.21864290E+01
 842     -0.21864372E+01
 843     -0.21864454E+01
 844     -0.21864536E+01
 845     -0.21864618E+01
 846     -0.21864700E+01
 847     -0.21864781E+01
 848     -0.21864862E+01
 849     -0.21864943E+01
 850     -0.21865024E+01
 851     -0.21865104E+01
 852     -0.21865185E+01
 853     -0.21865265E+01
 854     -0.21865345E+01
 855     -0.21865424E+01
 856     -0.21865504E+01
 857     -0.21865583E+01
 858     -0.21865662E+01
 859     -0.21865741E+01
 860     -0.21865820E+01
 861     -0.21865898E+01
 862     -0.21865977E+01
 863     -0.21866055E+01
 864     -0.21866133E+01
 865     -0.21866210E+01
 866     -0.21866288E+01
 867     -0.21866365E+01
 868     -0.21866442E+01
 869     -0.21866519E+01
 870     -0.21866596E+01
 871     -0.21866672E+01
 872     -0.21866749E+01
 873     -0.21866825E+01
 874     -0.21866901E+01
 875     -0.21866977E+01
 876     -0.21867052E+01
 877     -0.21867128E+01
 878     -0.21867203E+01
 879     -0.21867278E+01
 880     -0.21867353E+01
 881     -0.21867428E+01
 882     -0.21867502E+01
 883     -0.21867577E+01
 884     -0.21867651E+01
 885     -0.21867725E+01
 886     -0.21867799E+01
 887     -0.21867872E+01
 888     -0.21867946E+01
 889     -0.21868019E+01
 890     -0.21868092E+01
 891     -0.21868165E+01
 892     -0.21868238E+01
 893     -0.21868310E+01
 894     -0.21868383E+01
 895     -0.21868455E+01
 896     -0.21868527E+01
 897     -0.21868599E+01
 898     -0.21868671E+01
 899     -0.21868742E+01
 900     -0.21868814E+01
 901     -0.21868885E+01
 902     -0.21868956E+01
 903     -0.21869027E+01
 904     -0.21869098E+01
 905     -0.21869168E+01
 906     -0.21869239E+01
 907     -0.21869309E+01
 908     -0.21869379E+01
 909     -0.21869449E+01
 910     -0.21869519E+01
 911     -0.21869588E+01
 912     -0.21869658E+01
 913     -0.21869727E+01
 914     -0.21869796E+01
 915     -0.21869865E+01
 916     -0.21869934E+01
 917     -0.21870002E+01
 918     -0.21870071E+01
 919     -0.21870139E+01
 920     -0.21870207E+01
 921     -0.21870275E+01
 922     -0.21870343E+01
 923     -0.21870411E+01
 924     -0.21870479E+01
 925     -0.21870546E+01
 926     -0.21870613E+01
 927     -0.21870681E+01
 928     -0.21870747E+01
 929     -0.21870814E+01
 930     -0.21870881E+01
 931     -0.21870948E+01
 932     -0.21871014E+01
 933     -0.21871080E+01
 934     -0.21871146E+01
 935     -0.21871212E+01
 936     -0.21871278E+01
 937     -0.21871344E+01
 938     -0.21871409E+01
 939     -0.21871475E+01
 940     -0.21871540E+01
 941     -0.21871605E+01
 942     -0.21871670E+01
 943     -0.21871735E+01
 944     -0.21871799E+01
 945     -0.21871864E+01
 946     -0.21871928E+01
 947     -0.21871992E+01
 948     -0.21872056E+01
 949     -0.21872120E+01
 950     -0.21872184E+01
 951     -0.21872248E+01
 952     -0.21872311E+01
 953     -0.21872375E+01
 954     -0.21872438E+01
 955     -0.21872501E+01
 956     -0.21872564E+01
 957     -0.21872627E+01
 958     -0.21872690E+01
 959     -0.21872752E+01
 960     -0.21872815E+01
 961     -0.21872877E+01
 962     -0.21872939E+01
 963     -0.21873002E+01
 964     -0.21873063E+01
 965     -0.21873125E+01
 966     -0.21873187E+01
 967     -0.21873249E+01
 968     -0.21873310E+01
 969     -0.21873371E+01
 970     -0.21873432E+01
 971     -0.21873493E+01
 972     -0.21873554E+01
 973     -0.21873615E+01
 974     -0.21873676E+01
 975     -0.21873736E+01
 976     -0.21873797E+01
 977     -0.21873857E+01
 978     -0.21873917E+01
 979     -0.21873977E+01
 980     -0.21874037E+01
 981     -0.21874097E+01
 982     -0.21874156E+01
 983     -0.21874216E+01
 984     -0.21874275E+01
 985     -0.21874335E+01
 986     -0.21874394E+01
 987     -0.21874453E+01
 988     -0.21874512E+01
 989     -0.21874571E+01
 990     -0.21874629E+01
 991     -0.21874688E+01
 992     -0.21874746E+01
 993     -0.21874804E+01
 994     -0.21874863E+01
 995     -0.21874921E+01
 996     -0.21874979E+01
 997     -0.21875037E+01
 998     -0.21875094E+01
 999     -0.21875152E+01
1000     -0.21875209E+01
1001     -0.21875267E+01
1002     -0.21875324E+01
1003     -0.21875381E+01
1004     -0.21875438E+01
1005     -0.21875495E+01
1006     -0.21875552E+01
1007     -0.21875609E+01
1008     -0.21875665E+01
1009     -0.21875722E+01
1010     -0.21875778E+01
1011     -0.21875834E+01
1012     -0.21875890E+01
1013     -0.21875946E+01
1014     -0.21876002E+01
1015     -0.21876058E+01
1016     -0.21876114E+01
1017     -0.21876169E+01
1018     -0.21876225E+01
1019     -0.21876280E+01
1020     -0.21876335E+01
1021     -0.21876390E+01
1022     -0.21876445E+01
1023     -0.21876500E+01
1024     -0.21876555E+01
1025     -0.21876610E+01
